[[0, 117, 109, 0], [0, 0, 0, 0], [109, 110, 111, 114], [32, 110, 97, 108]]
3
[[117, 109, 0, 0], [0, 0, 0, 0], [109, 110, 111, 114], [108, 32, 110, 97]]
3
[[117, 109, 0, 0], [0, 0, 0, 0], [111, 114, 109, 110], [97, 108, 32, 110]]
2
transpose
[[117, 0, 111, 97], [109, 0, 114, 108], [0, 0, 109, 32], [0, 0, 110, 110]]
3
[[111, 97, 117, 0], [0, 114, 108, 109], [0, 0, 109, 32], [110, 0, 0, 110]]
3
[[111, 97, 117, 0], [114, 108, 109, 0], [109, 32, 0, 0], [110, 110, 0, 0]]
2
transpose
[[111, 114, 109, 110], [97, 108, 32, 110], [117, 109, 0, 0], [0, 0, 0, 0]]
3
[[110, 111, 114, 109], [97, 108, 32, 110], [117, 109, 0, 0], [0, 0, 0, 0]]